data0
100 100
0.00 0.00
0.00 0.00
0.00 0.00
0.00 0.00
0.00 0.00
0.00 0.00
0.00 0.00
data1
1000 500
0.00 0.00
0.00 0.00
0.00 0.00
0.00 0.00
0.00 0.00
0.00 0.00
0.00 0.00
data2
10000 2000
1.00 4.50
0.20 2.30
1.00 2.60
0.40 2.70
1.00 2.60
1.00 2.90
1.00 3.30
data3
100000 15000
7.00 36.90
3.90 19.10
6.70 19.20
3.60 18.10
6.90 19.40
6.50 21.70
6.70 26.00
data4
1000000 40000
67.30 379.20
35.20 181.40
63.20 189.80
35.40 180.40
62.20 204.10
67.70 248.10
66.80 286.70
data5
5000000 80000
319.30 2066.50
199.40 1141.40
314.80 1054.60
209.80 1055.70
340.70 1104.80
332.70 1365.20
317.30 1563.70
data6
10000000 125000
740.20 4523.20
467.80 2537.20
646.20 2488.50
413.20 2279.00
688.40 2392.90
704.80 3129.60
719.00 3264.00
data7
100 2000000000
0.00 0.00
0.00 0.00
0.00 0.00
0.00 0.00
0.00 0.00
0.00 0.00
0.00 0.00
data8
1000 2000000000
0.00 0.00
0.00 0.00
0.00 0.00
0.00 0.00
0.00 0.00
0.00 0.00
0.00 0.00
data9
10000 2000000000
0.00 2.10
0.00 1.00
0.00 1.00
0.00 1.00
0.00 1.00
0.00 1.00
0.00 1.60
data10
100000 2000000000
6.00 32.60
3.00 18.50
6.00 14.40
3.40 18.10
6.20 15.40
6.00 20.30
6.30 25.50
data11
1000000 2000000000
68.50 420.70
39.50 217.60
63.70 166.50
39.60 211.00
63.60 177.20
68.00 264.30
68.60 321.00
data12
5000000 2000000000
315.40 2198.20
200.40 1436.90
320.20 977.70
219.30 1311.40
373.50 1140.30
322.40 1362.10
340.20 1712.70
data13
10000000 2000000000
772.80 5040.30
462.10 3089.80
754.10 2592.00
477.70 3108.80
790.40 2479.80
693.60 3493.60
872.70 4343.20